
''	0	0	15252
'j	0	0	15685
jq	0	0	15798
jx	0	0	15833
jz	0	0	15723
'q	0	0	15976
qj	0	0	15785
qx	0	0	15752
qz	0	0	16019
vq	0	0	15669
'x	0	0	16006
xj	0	0	15933
'z	0	0	15798
zx	0	0	15859
wq	0,03748360092459548900	6	16000
wx	0,04418076243372885600	7	15836
'y	0,05023547880690737800	8	15916
gx	0,05609573672400897500	9	16034
hx	0,06277857994852156400	10	15918
px	0,06904776850166342300	11	15919
zj	0,07007708479327259900	11	15685
vj	0,08188460569412950300	13	15862
qg	0,09337649402390438200	15	16048
qy	0,10322580645161290300	16	15483
kx	0,10641627543035993700	17	15957
qh	0,10642293727306873600	17	15956
xz	0,12518778167250876300	20	15955
'w	0,13094718463553033600	21	16015
qf	0,14423679919729085600	23	15922
qv	0,14563414170835180100	23	15769
qp	0,14720000000000000000	23	15601
vb	0,15220700152207001500	24	15743
qc	0,17584626012686051600	28	15894
vw	0,17729373773190654000	28	15764
fq	0,17992306737808661100	29	16088
jv	0,18405686722518405600	29	15726
'g	0,18409191899955564000	29	15723
qk	0,19837579815262537900	32	16098
vx	0,21055239038890265000	34	16113
cx	0,21133764296369965100	34	16053
kz	0,21403840100723953400	34	15850
'k	0,22007042253521126700	35	15868
gq	0,22374145431945307600	36	16053
kq	0,22637238256932654200	36	15866
xk	0,23953605648008068500	38	15825
qn	0,24810817516437166600	40	16081
fx	0,25727911646586345300	41	15894
'b	0,26351307924673822200	41	15517
qb	0,26592376851969102100	42	15751
jg	0,28296547821165817700	45	15857
pq	0,30184882404728964900	48	15853
qw	0,30410227766399801400	49	16063
'u	0,30582948445886905500	49	15972
sx	0,30825364871665827800	49	15846
'p	0,31823287158367652500	51	15974
qt	0,32801362518135368600	52	15800
jb	0,33283094699824164700	53	15870
qd	0,34318398474737845500	54	15680
fv	0,34967218232906650000	56	15958
'f	0,35441149039358328600	57	16025
qm	0,35996210925165772000	57	15777
cj	0,36308045098413911700	57	15641
jw	0,36855817500158861200	58	15678
bx	0,39389771164186569900	63	15930
vf	0,40579348233237607600	65	15952
tx	0,40857376327864730600	65	15843
fz	0,40890790135883241000	65	15830
jf	0,41128828144773475000	65	15738
ql	0,42265960131213726900	67	15784
qo	0,42412524168901640300	68	15964
qq	0,42657704239917269900	66	15405
'h	0,42758877114705335500	69	16067
dx	0,44125063035804336800	70	15793
zq	0,47702736630680391600	76	15855
mx	0,48898202832285514700	77	15669
vz	0,49779458097038437300	79	15790
pz	0,50238633509168550600	80	15843
yq	0,50820475140827822600	83	16248
wj	0,51965940395692461800	83	15888
'm	0,53191489361702127600	86	16081
qr	0,53595911753708089200	86	15959
jm	0,53930076865856682300	87	16044
jt	0,55559063072163646600	88	15750
mq	0,59347181008902077100	96	16079
bq	0,60350788960834852500	96	15810
'v	0,60773134515381241700	97	15863
jj	0,63401695024907808700	98	15358
jl	0,63729736418760054400	103	16058
zf	0,64861460957178841300	103	15776
'r	0,65831117863020635500	104	15693
qe	0,70794261938769173400	114	15988
xg	0,70872619122951338300	112	15690
bz	0,71061480870503140600	112	15648
jh	0,73461324773134144000	119	16079
vh	0,74105830475257226800	121	16206
xq	0,75398803589232303000	121	15926
jp	0,75871582643591672900	121	15826
vp	0,77630108061110421000	125	15976
'o	0,82002857675343231600	132	15964
'n	0,85661080074487895700	138	15971
xx	0,87905036894449791400	137	15447
xr	0,88686333682330479700	144	16092
fj	0,89351737737244269100	145	16082
'c	0,91594491868652252400	147	15901
jk	0,94917330067360685800	155	16174
'i	0,95017815840470088100	152	15844
lx	1,00751053306466385700	165	16211
tq	1,01494396014943960100	163	15896
jy	1,07721046077210460700	173	15886
'e	1,09457631287664493900	178	16083
vm	1,09477635283077885500	175	15809
vg	1,11474615291409184500	184	16321
jc	1,12705549054628318000	183	16053
'l	1,16264913562210859500	191	16236
xv	1,18555109601728928600	192	16002
wv	1,19631901840490797500	195	16104
zg	1,22603933283544934000	197	15870
dq	1,23464373464373464300	201	16078
q'	1,25171254203512268000	201	15856
qs	1,26214192909732104100	204	15958
yj	1,27944885280186996300	208	16048
hq	1,29060145732987526200	209	15984
xd	1,29556161666253409300	209	15922
mz	1,34736064968623108100	219	16034
xn	1,35666052793124616300	221	16068
jd	1,35724672806592341200	224	16279
yy	1,38531937566601893000	221	15731
js	1,40318627450980392100	229	16090
cv	1,46107933349912956900	235	15848
jr	1,49018657620547613200	246	16261
j'	1,55154223297958170400	250	15862
hj	1,55611155183987307000	255	16131
wz	1,55709342560553633200	252	15931
zp	1,56622820434383603500	256	16088
rx	1,57441874656740098800	258	16128
lq	1,58797761012411779000	261	16174
gj	1,58924955513284653600	259	16037
gv	1,62680587592570110400	268	16205
jn	1,63964292220805246800	270	16196
vk	1,69481155163974547200	277	16066
gz	1,71865443425076452500	281	16068
vc	1,77819083023543990000	287	15852
mj	1,83966037039315818600	299	15953
't	1,88806061346694366300	309	16056
zv	1,89541273075260850700	307	15889
zr	1,93540433925049309600	314	15909
vt	1,93689852600803995600	318	16099
vd	1,97408259658471599800	326	16187
pj	1,97881996974281391800	327	16197
pv	1,99752628324056895400	323	15846
hz	2,05253512522907758000	336	16033
'd	2,09991026024528866200	351	16363
fk	2,18785590121680752800	365	16317
cw	2,22357599756320438600	365	16049
zc	2,23638331129012865200	372	16261
zd	2,27631419206021609800	375	16098
zn	2,49052517596101786600	414	16208
qi	2,52546561388704719400	419	16171
zt	2,52735957433944011100	418	16120
lj	2,67777447188336804500	450	16354
fg	2,68716334806027961000	444	16078
xw	2,71765271765271765200	452	16179
zw	2,72864473287051011100	452	16112
zs	2,77408437084491720000	459	16086
kj	2,90368271954674220900	492	16451
'a	2,91027653665016302300	482	16079
vn	2,92304043638088461900	493	16372
fw	2,93781916491438870500	489	16155
fp	3,03266874849867883700	505	16146
cf	3,15909363385685169600	527	16154
bk	3,23480531813865147100	545	16302
fh	3,35735735735735735700	559	16090
zk	3,49386213408876298300	592	16351
xb	3,55689875624782052700	612	16593
xm	3,61156637789744790400	617	16466
xf	3,70304643596569062400	626	16278
zm	3,71021628275013187900	633	16427
mk	3,76787998604488894000	648	16549
kg	3,77675929686140279600	651	16585
fb	3,81832088015532152700	649	16347
cb	3,84183462379573260800	650	16268
fd	3,94588500563697857900	665	16187
cg	4,02077497665732959800	689	16446
wg	4,02095843635935476200	683	16302
gk	4,15697674418604651100	715	16484
qa	4,15884561238854997600	709	16338
vv	4,16338403733107084400	687	15813
zb	4,25902286178484391300	734	16499
dk	4,53063126019100861800	778	16393
xl	4,56712816682943643300	795	16611
fc	4,60476715188772255400	794	16448
sj	4,78318153176376238700	835	16621
mg	4,89872553482020937600	861	16714
fm	4,91937368544052348600	842	16273
gc	4,95786108689334495700	853	16351
uw	4,97927699746718857900	865	16506
pg	5,09173246632605666500	877	16346
cp	5,10005312555339118100	864	16076
uq	5,16853932584269662900	897	16457
bg	5,22253521126760563300	927	16822
tj	5,32047646057855927300	938	16691
cz	5,36137269628516956400	928	16380
fn	5,39691770863623146200	928	16266
sz	5,40705751597666018300	973	17021
vl	5,51829961354853375700	971	16624
ww	5,53456194407301901000	952	16248
zh	5,67550541206116488100	991	16469
pk	5,69017617880152802300	998	16540
hv	5,74674052934922500100	1027	16843
lz	5,77879617727602973200	1034	16858
dz	5,86236193712829226800	1035	16619
uu	5,96037898363479758800	1038	16376
kc	5,96322584250824344700	1067	16825
gp	6,15799528036858073900	1096	16701
xs	6,17640524327927127300	1112	16891
hg	6,21348621348621348600	1138	17176
kv	6,26917284845780578900	1124	16804
kd	6,32492997198879551800	1129	16720
wc	6,50496141124586549000	1180	16959
mv	6,58626056024899955500	1185	16806
mh	6,76997472249697768900	1232	16965
bw	7,00438815752930067200	1261	16741
tk	7,14483369306547124900	1291	16777
nx	7,14990138067061143900	1305	16946
bv	7,38291413703382480400	1362	17085
pd	7,67168262653898768800	1402	16872
cd	7,68682493557760842100	1402	16836
mw	7,93744625967325881300	1477	17130
uj	7,99328022543759822200	1475	16977
cm	8,04953560371517027800	1456	16631
wp	8,09531493733526975400	1505	17085
hk	8,11727904140819680800	1531	17329
hh	8,15705041057153733200	1500	16888
v'	8,19680965725371847300	1521	17034
vs	8,20846549272667614500	1501	16784
bf	8,22417071624762307200	1557	17374
yk	8,67749177674515741600	1662	17490
gf	8,70458135860979462800	1653	17336
yz	8,89841585193705233400	1702	17424
mt	9,27397701643217699400	1727	16894
md	9,30551164506270418300	1766	17211
wf	9,37864489449687201700	1769	17092
kp	9,68561942311682921700	1867	17408
tv	9,74189892329091752000	1891	17519
bp	9,76652913354131025400	1941	17932
vr	9,81451654803345975900	1889	17357
xh	9,85497028905227112400	1957	17900
